   0.0000000e+00   8.0000000e+01   2.0000000e+00   0.0000000e+00   0.0000000e+00   8.0000000e+01
   5.0000000e-02   8.0000000e+01   2.0000000e+00   0.0000000e+00   0.0000000e+00   8.0011116e+01
   1.0000000e-01   8.0000000e+01   2.0000000e+00   0.0000000e+00   0.0000000e+00   8.0035702e+01
   1.5000000e-01   8.0000000e+01   2.0000000e+00   0.0000000e+00   0.0000000e+00   8.0064798e+01
   2.0000000e-01   8.0000000e+01   2.0000000e+00   0.0000000e+00   0.0000000e+00   8.0093339e+01
   2.5000000e-01   8.0000000e+01   2.0000000e+00   0.0000000e+00   0.0000000e+00   8.0118666e+01
   3.0000000e-01   8.0000000e+01   2.0000000e+00   0.0000000e+00   0.0000000e+00   8.0139590e+01
   3.5000000e-01   8.0000000e+01   2.0000000e+00   0.0000000e+00   0.0000000e+00   8.0155793e+01
   4.0000000e-01   8.0000000e+01   2.0000000e+00   0.0000000e+00   0.0000000e+00   8.0167443e+01
   4.5000000e-01   8.0000000e+01   2.0000000e+00   0.0000000e+00   0.0000000e+00   8.0174968e+01
   5.0000000e-01   8.0000000e+01   2.0000000e+00   0.0000000e+00   0.0000000e+00   8.0178906e+01
   5.5000000e-01   8.0000000e+01   2.0000000e+00   0.0000000e+00   0.0000000e+00   8.0179824e+01
   6.0000000e-01   8.0000000e+01   2.0000000e+00   0.0000000e+00   0.0000000e+00   8.0178267e+01
   6.5000000e-01   8.0000000e+01   2.0000000e+00   0.0000000e+00   0.0000000e+00   8.0174733e+01
   7.0000000e-01   8.0000000e+01   2.0000000e+00   0.0000000e+00   0.0000000e+00   8.0169666e+01
   7.5000000e-01   8.0000000e+01   2.0000000e+00   0.0000000e+00   0.0000000e+00   8.0163446e+01
   8.0000000e-01   8.0000000e+01   2.0000000e+00   0.0000000e+00   0.0000000e+00   8.0156398e+01
   8.5000000e-01   8.0000000e+01   2.0000000e+00   0.0000000e+00   0.0000000e+00   8.0148791e+01
   9.0000000e-01   8.0000000e+01   2.0000000e+00   0.0000000e+00   0.0000000e+00   8.0140847e+01
   9.5000000e-01   8.0000000e+01   2.0000000e+00   0.0000000e+00   0.0000000e+00   8.0132747e+01
   1.0000000e+00   8.0000000e+01   2.0000000e+00   0.0000000e+00   0.0000000e+00   8.0124634e+01
   1.0500000e+00   8.0000000e+01   2.0000000e+00   0.0000000e+00   0.0000000e+00   8.0116622e+01
   1.1000000e+00   8.0000000e+01   2.0000000e+00   0.0000000e+00   0.0000000e+00   8.0108796e+01
   1.1500000e+00   8.0000000e+01   2.0000000e+00   0.0000000e+00   0.0000000e+00   8.0101223e+01
   1.2000000e+00   8.0000000e+01   2.0000000e+00   0.0000000e+00   0.0000000e+00   8.0093951e+01
   1.2500000e+00   8.0000000e+01   2.0000000e+00   0.0000000e+00   0.0000000e+00   8.0087011e+01
   1.3000000e+00   8.0000000e+01   2.0000000e+00   0.0000000e+00   0.0000000e+00   8.0080426e+01
   1.3500000e+00   8.0000000e+01   2.0000000e+00   0.0000000e+00   0.0000000e+00   8.0074207e+01
   1.4000000e+00   8.0000000e+01   2.0000000e+00   0.0000000e+00   0.0000000e+00   8.0068357e+01
   1.4500000e+00   8.0000000e+01   2.0000000e+00   0.0000000e+00   0.0000000e+00   8.0062875e+01
   1.5000000e+00   8.0000000e+01   2.0000000e+00   0.0000000e+00   0.0000000e+00   8.0057754e+01
   1.5500000e+00   8.0000000e+01   2.0000000e+00   0.0000000e+00   0.0000000e+00   8.0052984e+01
   1.6000000e+00   8.0000000e+01   2.0000000e+00   0.0000000e+00   0.0000000e+00   8.0048552e+01
   1.6500000e+00   8.0000000e+01   2.0000000e+00   0.0000000e+00   0.0000000e+00   8.0044443e+01
   1.7000000e+00   8.0000000e+01   2.0000000e+00   0.0000000e+00   0.0000000e+00   8.0040642e+01
   1.7500000e+00   8.0000000e+01   2.0000000e+00   0.0000000e+00   0.0000000e+00   8.0037133e+01
   1.8000000e+00   8.0000000e+01   2.0000000e+00   0.0000000e+00   0.0000000e+00   8.0033897e+01
   1.8500000e+00   8.0000000e+01   2.0000000e+00   0.0000000e+00   0.0000000e+00   8.0030920e+01
   1.9000000e+00   8.0000000e+01   2.0000000e+00   0.0000000e+00   0.0000000e+00   8.0028183e+01
   1.9500000e+00   8.0000000e+01   2.0000000e+00   0.0000000e+00   0.0000000e+00   8.0025671e+01
   2.0000000e+00   8.0000000e+01   2.0000000e+00   0.0000000e+00   0.0000000e+00   8.0023368e+01
   2.0500000e+00   8.0000000e+01   2.0000000e+00   0.0000000e+00   0.0000000e+00   8.0021259e+01
   2.1000000e+00   8.0000000e+01   2.0000000e+00   0.0000000e+00   0.0000000e+00   8.0019329e+01
   2.1500000e+00   8.0000000e+01   2.0000000e+00   0.0000000e+00   0.0000000e+00   8.0017565e+01
   2.2000000e+00   8.0000000e+01   2.0000000e+00   0.0000000e+00   0.0000000e+00   8.0015955e+01
   2.2500000e+00   8.0000000e+01   2.0000000e+00   0.0000000e+00   0.0000000e+00   8.0014485e+01
   2.3000000e+00   8.0000000e+01   2.0000000e+00   0.0000000e+00   0.0000000e+00   8.0013146e+01
   2.3500000e+00   8.0000000e+01   2.0000000e+00   0.0000000e+00   0.0000000e+00   8.0011925e+01
   2.4000000e+00   8.0000000e+01   2.0000000e+00   0.0000000e+00   0.0000000e+00   8.0010813e+01
   2.4500000e+00   8.0000000e+01   2.0000000e+00   0.0000000e+00   0.0000000e+00   8.0009802e+01
   2.5000000e+00   8.0000000e+01   2.0000000e+00   0.0000000e+00   0.0000000e+00   8.0008882e+01
   2.5500000e+00   8.0000000e+01   2.0000000e+00   0.0000000e+00   0.0000000e+00   8.0008045e+01
   2.6000000e+00   8.0000000e+01   2.0000000e+00   0.0000000e+00   0.0000000e+00   8.0007286e+01
   2.6500000e+00   8.0000000e+01   2.0000000e+00   0.0000000e+00   0.0000000e+00   8.0006596e+01
   2.7000000e+00   8.0000000e+01   2.0000000e+00   0.0000000e+00   0.0000000e+00   8.0005970e+01
   2.7500000e+00   8.0000000e+01   2.0000000e+00   0.0000000e+00   0.0000000e+00   8.0005402e+01
   2.8000000e+00   8.0000000e+01   2.0000000e+00   0.0000000e+00   0.0000000e+00   8.0004886e+01
   2.8500000e+00   8.0000000e+01   2.0000000e+00   0.0000000e+00   0.0000000e+00   8.0004419e+01
   2.9000000e+00   8.0000000e+01   2.0000000e+00   0.0000000e+00   0.0000000e+00   8.0003996e+01
   2.9500000e+00   8.0000000e+01   2.0000000e+00   0.0000000e+00   0.0000000e+00   8.0003613e+01
   3.0000000e+00   8.0000000e+01   2.0000000e+00   0.0000000e+00   0.0000000e+00   8.0003265e+01
   3.0500000e+00   8.0000000e+01   2.0000000e+00   0.0000000e+00   0.0000000e+00   8.0002951e+01
   3.1000000e+00   8.0000000e+01   2.0000000e+00   0.0000000e+00   0.0000000e+00   8.0002666e+01
   3.1500000e+00   8.0000000e+01   2.0000000e+00   0.0000000e+00   0.0000000e+00   8.0002408e+01
   3.2000000e+00   8.0000000e+01   2.0000000e+00   0.0000000e+00   0.0000000e+00   8.0002175e+01
   3.2500000e+00   8.0000000e+01   2.0000000e+00   0.0000000e+00   0.0000000e+00   8.0001964e+01
   3.3000000e+00   8.0000000e+01   2.0000000e+00   0.0000000e+00   0.0000000e+00   8.0001774e+01
   3.3500000e+00   8.0000000e+01   2.0000000e+00   0.0000000e+00   0.0000000e+00   8.0001601e+01
   3.4000000e+00   8.0000000e+01   2.0000000e+00   0.0000000e+00   0.0000000e+00   8.0001446e+01
   3.4500000e+00   8.0000000e+01   2.0000000e+00   0.0000000e+00   0.0000000e+00   8.0001305e+01
   3.5000000e+00   8.0000000e+01   2.0000000e+00   0.0000000e+00   0.0000000e+00   8.0001178e+01
   3.5500000e+00   8.0000000e+01   2.0000000e+00   0.0000000e+00   0.0000000e+00   8.0001063e+01
   3.6000000e+00   8.0000000e+01   2.0000000e+00   0.0000000e+00   0.0000000e+00   8.0000959e+01
   3.6500000e+00   8.0000000e+01   2.0000000e+00   0.0000000e+00   0.0000000e+00   8.0000865e+01
   3.7000000e+00   8.0000000e+01   2.0000000e+00   0.0000000e+00   0.0000000e+00   8.0000780e+01
   3.7500000e+00   8.0000000e+01   2.0000000e+00   0.0000000e+00   0.0000000e+00   8.0000704e+01
   3.8000000e+00   8.0000000e+01   2.0000000e+00   0.0000000e+00   0.0000000e+00   8.0000635e+01
   3.8500000e+00   8.0000000e+01   2.0000000e+00   0.0000000e+00   0.0000000e+00   8.0000573e+01
   3.9000000e+00   8.0000000e+01   2.0000000e+00   0.0000000e+00   0.0000000e+00   8.0000516e+01
   3.9500000e+00   8.0000000e+01   2.0000000e+00   0.0000000e+00   0.0000000e+00   8.0000466e+01
   4.0000000e+00   8.0000000e+01   2.0000000e+00   0.0000000e+00   0.0000000e+00   8.0000420e+01
   4.0500000e+00   8.0000000e+01   2.0000000e+00   0.0000000e+00   3.8065033e+00   7.9999882e+01
   4.1000000e+00   8.0000000e+01   2.0000000e+00   0.0000000e+00   7.2507699e+00   7.9994938e+01
   4.1500000e+00   8.0000000e+01   2.0000000e+00   0.0000000e+00   1.0367271e+01   7.9980585e+01
   4.2000000e+00   8.0000000e+01   2.0000000e+00   0.0000000e+00   1.3187198e+01   7.9953580e+01
   4.2500000e+00   8.0000000e+01   2.0000000e+00   0.0000000e+00   1.5738774e+01   7.9912522e+01
   4.3000000e+00   8.0000000e+01   2.0000000e+00   0.0000000e+00   1.8047535e+01   7.9857470e+01
   4.3500000e+00   8.0000000e+01   2.0000000e+00   0.0000000e+00   2.0136588e+01   7.9789525e+01
   4.4000000e+00   8.0000000e+01   2.0000000e+00   0.0000000e+00   2.2026841e+01   7.9710454e+01
   4.4500000e+00   8.0000000e+01   2.0000000e+00   0.0000000e+00   2.3737214e+01   7.9622385e+01
   4.5000000e+00   8.0000000e+01   2.0000000e+00   0.0000000e+00   2.5284822e+01   7.9527577e+01
   4.5500000e+00   8.0000000e+01   2.0000000e+00   0.0000000e+00   2.6685157e+01   7.9428249e+01
   4.6000000e+00   8.0000000e+01   2.0000000e+00   0.0000000e+00   2.7952232e+01   7.9326470e+01
   4.6500000e+00   8.0000000e+01   2.0000000e+00   0.0000000e+00   2.9098728e+01   7.9224089e+01
   4.7000000e+00   8.0000000e+01   2.0000000e+00   0.0000000e+00   3.0136121e+01   7.9122702e+01
   4.7500000e+00   8.0000000e+01   2.0000000e+00   0.0000000e+00   3.1074794e+01   7.9023637e+01
   4.8000000e+00   8.0000000e+01   2.0000000e+00   0.0000000e+00   3.1924139e+01   7.8927965e+01
   4.8500000e+00   8.0000000e+01   2.0000000e+00   0.0000000e+00   3.2692659e+01   7.8836514e+01
   4.9000000e+00   8.0000000e+01   2.0000000e+00   0.0000000e+00   3.3388044e+01   7.8749892e+01
   4.9500000e+00   8.0000000e+01   2.0000000e+00   0.0000000e+00   3.4017255e+01   7.8668515e+01
   5.0000000e+00   8.0000000e+01   2.0000000e+00   0.0000000e+00   3.4586589e+01   7.8592631e+01
   5.0500000e+00   8.0000000e+01   2.0000000e+00   0.0000000e+00   3.5101743e+01   7.8522353e+01
   5.1000000e+00   8.0000000e+01   2.0000000e+00   0.0000000e+00   3.5567874e+01   7.8457677e+01
   5.1500000e+00   8.0000000e+01   2.0000000e+00   0.0000000e+00   3.5989646e+01   7.8398507e+01
   5.2000000e+00   8.0000000e+01   2.0000000e+00   0.0000000e+00   3.6371282e+01   7.8344677e+01
   5.2500000e+00   8.0000000e+01   2.0000000e+00   0.0000000e+00   3.6716600e+01   7.8295967e+01
   5.3000000e+00   8.0000000e+01   2.0000000e+00   0.0000000e+00   3.7029057e+01   7.8252118e+01
   5.3500000e+00   8.0000000e+01   2.0000000e+00   0.0000000e+00   3.7311779e+01   7.8212844e+01
   5.4000000e+00   8.0000000e+01   2.0000000e+00   0.0000000e+00   3.7567597e+01   7.8177845e+01
   5.4500000e+00   8.0000000e+01   2.0000000e+00   0.0000000e+00   3.7799071e+01   7.8146811e+01
   5.5000000e+00   8.0000000e+01   2.0000000e+00   0.0000000e+00   3.8008517e+01   7.8119434e+01
   5.5500000e+00   8.0000000e+01   2.0000000e+00   0.0000000e+00   3.8198032e+01   7.8095410e+01
   5.6000000e+00   8.0000000e+01   2.0000000e+00   0.0000000e+00   3.8369512e+01   7.8074445e+01
   5.6500000e+00   8.0000000e+01   2.0000000e+00   0.0000000e+00   3.8524673e+01   7.8056255e+01
   5.7000000e+00   8.0000000e+01   2.0000000e+00   0.0000000e+00   3.8665069e+01   7.8040571e+01
   5.7500000e+00   8.0000000e+01   2.0000000e+00   0.0000000e+00   3.8792105e+01   7.8027143e+01
   5.8000000e+00   8.0000000e+01   2.0000000e+00   0.0000000e+00   3.8907051e+01   7.8015732e+01
   5.8500000e+00   8.0000000e+01   2.0000000e+00   0.0000000e+00   3.9011059e+01   7.8006120e+01
   5.9000000e+00   8.0000000e+01   2.0000000e+00   0.0000000e+00   3.9105169e+01   7.7998104e+01
   5.9500000e+00   8.0000000e+01   2.0000000e+00   0.0000000e+00   3.9190324e+01   7.7991499e+01
   6.0000000e+00   8.0000000e+01   2.0000000e+00   0.0000000e+00   3.9267374e+01   7.7986136e+01
   6.0500000e+00   8.0000000e+01   2.0000000e+00   0.0000000e+00   3.9337093e+01   7.7981859e+01
   6.1000000e+00   8.0000000e+01   2.0000000e+00   0.0000000e+00   3.9400177e+01   7.7978529e+01
   6.1500000e+00   8.0000000e+01   2.0000000e+00   0.0000000e+00   3.9457258e+01   7.7976021e+01
   6.2000000e+00   8.0000000e+01   2.0000000e+00   0.0000000e+00   3.9508906e+01   7.7974221e+01
   6.2500000e+00   8.0000000e+01   2.0000000e+00   0.0000000e+00   3.9555640e+01   7.7973029e+01
   6.3000000e+00   8.0000000e+01   2.0000000e+00   0.0000000e+00   3.9597927e+01   7.7972354e+01
   6.3500000e+00   8.0000000e+01   2.0000000e+00   0.0000000e+00   3.9636189e+01   7.7972116e+01
   6.4000000e+00   8.0000000e+01   2.0000000e+00   0.0000000e+00   3.9670810e+01   7.7972245e+01
   6.4500000e+00   8.0000000e+01   2.0000000e+00   0.0000000e+00   3.5895633e+01   7.7973176e+01
   6.5000000e+00   8.0000000e+01   2.0000000e+00   0.0000000e+00   3.2479712e+01   7.7978786e+01
   6.5500000e+00   8.0000000e+01   2.0000000e+00   0.0000000e+00   2.9388859e+01   7.7994088e+01
   6.6000000e+00   8.0000000e+01   2.0000000e+00   0.0000000e+00   2.6592139e+01   7.8022382e+01
   6.6500000e+00   8.0000000e+01   2.0000000e+00   0.0000000e+00   2.4061563e+01   7.8065151e+01
   6.7000000e+00   8.0000000e+01   2.0000000e+00   0.0000000e+00   2.1771802e+01   7.8122418e+01
   6.7500000e+00   8.0000000e+01   2.0000000e+00   0.0000000e+00   1.9699941e+01   7.8193149e+01
   6.8000000e+00   8.0000000e+01   2.0000000e+00   0.0000000e+00   1.7825244e+01   7.8275613e+01
   6.8500000e+00   8.0000000e+01   2.0000000e+00   0.0000000e+00   1.6128948e+01   7.8367679e+01
   6.9000000e+00   8.0000000e+01   2.0000000e+00   0.0000000e+00   1.4594075e+01   7.8467048e+01
   6.9500000e+00   8.0000000e+01   2.0000000e+00   0.0000000e+00   1.3205266e+01   7.8571424e+01
   7.0000000e+00   8.0000000e+01   2.0000000e+00   0.0000000e+00   1.1948618e+01   7.8678635e+01
   7.0500000e+00   8.0000000e+01   2.0000000e+00   0.0000000e+00   1.0811557e+01   7.8786708e+01
   7.1000000e+00   8.0000000e+01   2.0000000e+00   0.0000000e+00   9.7827013e+00   7.8893918e+01
   7.1500000e+00   8.0000000e+01   2.0000000e+00   0.0000000e+00   8.8517542e+00   7.8998799e+01
   7.2000000e+00   8.0000000e+01   2.0000000e+00   0.0000000e+00   8.0093984e+00   7.9100156e+01
   7.2500000e+00   8.0000000e+01   2.0000000e+00   0.0000000e+00   7.2472034e+00   7.9197046e+01
   7.3000000e+00   8.0000000e+01   2.0000000e+00   0.0000000e+00   6.5575408e+00   7.9288761e+01
   7.3500000e+00   8.0000000e+01   2.0000000e+00   0.0000000e+00   5.9335083e+00   7.9374806e+01
   7.4000000e+00   8.0000000e+01   2.0000000e+00   0.0000000e+00   5.3688603e+00   7.9454871e+01
   7.4500000e+00   8.0000000e+01   2.0000000e+00   0.0000000e+00   4.8579457e+00   7.9528804e+01
   7.5000000e+00   8.0000000e+01   2.0000000e+00   0.0000000e+00   4.3956511e+00   7.9596585e+01
   7.5500000e+00   8.0000000e+01   2.0000000e+00   0.0000000e+00   3.9773496e+00   7.9658301e+01
   7.6000000e+00   8.0000000e+01   2.0000000e+00   0.0000000e+00   3.5988547e+00   7.9714127e+01
   7.6500000e+00   8.0000000e+01   2.0000000e+00   0.0000000e+00   3.2563784e+00   7.9764301e+01
   7.7000000e+00   8.0000000e+01   2.0000000e+00   0.0000000e+00   2.9464930e+00   7.9809111e+01
   7.7500000e+00   8.0000000e+01   2.0000000e+00   0.0000000e+00   2.6660971e+00   7.9848877e+01
   7.8000000e+00   8.0000000e+01   2.0000000e+00   0.0000000e+00   2.4123844e+00   7.9883940e+01
   7.8500000e+00   8.0000000e+01   2.0000000e+00   0.0000000e+00   2.1828157e+00   7.9914653e+01
   7.9000000e+00   8.0000000e+01   2.0000000e+00   0.0000000e+00   1.9750933e+00   7.9941368e+01
   7.9500000e+00   8.0000000e+01   2.0000000e+00   0.0000000e+00   1.7871384e+00   7.9964434e+01
   8.0000000e+00   8.0000000e+01   2.0000000e+00   0.0000000e+00   1.6170697e+00   7.9984190e+01
   8.0500000e+00   8.0000000e+01   2.0000000e+00   4.7581291e+00   1.4631851e+00   8.0060879e+01
   8.1000000e+00   8.0000000e+01   2.0000000e+00   9.0634623e+00   1.3239447e+00   8.0239198e+01
   8.1500000e+00   8.0000000e+01   2.0000000e+00   1.2959089e+01   1.1979547e+00   8.0498659e+01
   8.2000000e+00   8.0000000e+01   2.0000000e+00   1.6483998e+01   1.0839542e+00   8.0821770e+01
   8.2500000e+00   8.0000000e+01   2.0000000e+00   1.9673467e+01   9.8080232e-01   8.1193656e+01
   8.3000000e+00   8.0000000e+01   2.0000000e+00   2.2559418e+01   8.8746664e-01   8.1601722e+01
   8.3500000e+00   8.0000000e+01   2.0000000e+00   2.5170735e+01   8.0301303e-01   8.2035353e+01
   8.4000000e+00   8.0000000e+01   2.0000000e+00   2.7533552e+01   7.2659623e-01   8.2485656e+01
   8.4500000e+00   8.0000000e+01   2.0000000e+00   2.9671517e+01   6.5745146e-01   8.2945223e+01
   8.5000000e+00   8.0000000e+01   2.0000000e+00   3.1606028e+01   5.9488668e-01   8.3407932e+01
   8.5500000e+00   8.0000000e+01   2.0000000e+00   3.3356446e+01   5.3827573e-01   8.3868766e+01
   8.6000000e+00   8.0000000e+01   2.0000000e+00   3.4940289e+01   4.8705202e-01   8.4323659e+01
   8.6500000e+00   8.0000000e+01   2.0000000e+00   3.1615281e+01   4.4070289e-01   8.4709459e+01
   8.7000000e+00   8.0000000e+01   2.0000000e+00   2.8606689e+01   3.9876447e-01   8.4979299e+01
   8.7500000e+00   8.0000000e+01   2.0000000e+00   2.5884403e+01   3.6081701e-01   8.5152043e+01
   8.8000000e+00   8.0000000e+01   2.0000000e+00   2.3421176e+01   3.2648073e-01   8.5243993e+01
   8.8500000e+00   8.0000000e+01   2.0000000e+00   2.1192357e+01   2.9541198e-01   8.5269215e+01
   8.9000000e+00   8.0000000e+01   2.0000000e+00   1.9175637e+01   2.6729982e-01   8.5239807e+01
   8.9500000e+00   8.0000000e+01   2.0000000e+00   1.7350834e+01   2.4186288e-01   8.5166155e+01
   9.0000000e+00   8.0000000e+01   2.0000000e+00   1.5699684e+01   2.1884658e-01   8.5057143e+01
   9.0500000e+00   8.0000000e+01   2.0000000e+00   1.4205662e+01   1.9802057e-01   8.4920350e+01
   9.1000000e+00   8.0000000e+01   2.0000000e+00   1.2853814e+01   1.7917642e-01   8.4762217e+01
   9.1500000e+00   8.0000000e+01   2.0000000e+00   1.1630612e+01   1.6212553e-01   8.4588196e+01
   9.2000000e+00   8.0000000e+01   2.0000000e+00   1.0523813e+01   1.4669725e-01   8.4402881e+01
   9.2500000e+00   8.0000000e+01   2.0000000e+00   9.5223397e+00   1.3273716e-01   8.4210124e+01
   9.3000000e+00   8.0000000e+01   2.0000000e+00   8.6161693e+00   1.2010555e-01   8.4013132e+01
   9.3500000e+00   8.0000000e+01   2.0000000e+00   7.7962324e+00   1.0867600e-01   8.3814561e+01
   9.4000000e+00   8.0000000e+01   2.0000000e+00   7.0543228e+00   9.8334107e-02   8.3616589e+01
   9.4500000e+00   8.0000000e+01   2.0000000e+00   6.3830152e+00   8.8976379e-02   8.3420983e+01
   9.5000000e+00   8.0000000e+01   2.0000000e+00   5.7755910e+00   8.0509157e-02   8.3229165e+01
   9.5500000e+00   8.0000000e+01   2.0000000e+00   5.2259708e+00   7.2847698e-02   8.3042251e+01
   9.6000000e+00   8.0000000e+01   2.0000000e+00   4.7286540e+00   6.5915323e-02   8.2861109e+01
   9.6500000e+00   8.0000000e+01   2.0000000e+00   4.2786630e+00   5.9642651e-02   8.2686389e+01
   9.7000000e+00   8.0000000e+01   2.0000000e+00   3.8714944e+00   5.3966902e-02   8.2518559e+01
   9.7500000e+00   8.0000000e+01   2.0000000e+00   3.5030730e+00   4.8831272e-02   8.2357936e+01
   9.8000000e+00   8.0000000e+01   2.0000000e+00   3.1697115e+00   4.4184362e-02   8.2204709e+01
   9.8500000e+00   8.0000000e+01   2.0000000e+00   2.8680736e+00   3.9979664e-02   8.2058961e+01
   9.9000000e+00   8.0000000e+01   2.0000000e+00   2.5951403e+00   3.6175096e-02   8.1920690e+01
   9.9500000e+00   8.0000000e+01   2.0000000e+00   2.3481801e+00   3.2732581e-02   8.1789823e+01
   1.0000000e+01   8.0000000e+01   2.0000000e+00   2.1247212e+00   2.9617664e-02   8.1666230e+01
   1.0050000e+01   8.0000000e+01   2.0000000e+00   1.9225272e+00   2.6799170e-02   8.1549735e+01
   1.0100000e+01   8.0000000e+01   2.0000000e+00   1.7395746e+00   2.4248892e-02   8.1440128e+01
   1.0150000e+01   8.0000000e+01   2.0000000e+00   1.5740322e+00   2.1941305e-02   8.1337173e+01
   1.0200000e+01   8.0000000e+01   2.0000000e+00   1.4242432e+00   1.9853314e-02   8.1240615e+01
   1.0250000e+01   8.0000000e+01   2.0000000e+00   1.2887085e+00   1.7964021e-02   8.1150183e+01
   1.0300000e+01   8.0000000e+01   2.0000000e+00   1.1660717e+00   1.6254519e-02   8.1065601e+01
   1.0350000e+01   8.0000000e+01   2.0000000e+00   1.0551053e+00   1.4707697e-02   8.0986586e+01
   1.0400000e+01   8.0000000e+01   2.0000000e+00   9.5469877e-01   1.3308074e-02   8.0912857e+01
   1.0450000e+01   8.0000000e+01   2.0000000e+00   8.6384717e-01   1.2041644e-02   8.0844134e+01
   1.0500000e+01   8.0000000e+01   2.0000000e+00   7.8164124e-01   1.0895730e-02   8.0780140e+01
   1.0550000e+01   8.0000000e+01   2.0000000e+00   7.0725824e-01   9.8588639e-03   8.0720607e+01
   1.0600000e+01   8.0000000e+01   2.0000000e+00   6.3995372e-01   8.9206689e-03   8.0665272e+01
   1.0650000e+01   8.0000000e+01   2.0000000e+00   5.7905407e-01   8.0717550e-03   8.0613883e+01
   1.0700000e+01   8.0000000e+01   2.0000000e+00   5.2394979e-01   7.3036260e-03   8.0566195e+01
   1.0750000e+01   8.0000000e+01   2.0000000e+00   4.7408938e-01   6.6085941e-03   8.0521975e+01
   1.0800000e+01   8.0000000e+01   2.0000000e+00   4.2897381e-01   5.9797032e-03   8.0480999e+01
   1.0850000e+01   8.0000000e+01   2.0000000e+00   3.8815155e-01   5.4106592e-03   8.0443056e+01
   1.0900000e+01   8.0000000e+01   2.0000000e+00   3.5121405e-01   4.8957669e-03   8.0407943e+01
   1.0950000e+01   8.0000000e+01   2.0000000e+00   3.1779161e-01   4.4298731e-03   8.0375468e+01
   1.1000000e+01   8.0000000e+01   2.0000000e+00   2.8754974e-01   4.0083149e-03   8.0345450e+01
   1.1050000e+01   8.0000000e+01   2.0000000e+00   2.6018577e-01   3.6268733e-03   8.0317720e+01
   1.1100000e+01   8.0000000e+01   2.0000000e+00   2.3542582e-01   3.2817307e-03   8.0292116e+01
   1.1150000e+01   8.0000000e+01   2.0000000e+00   2.1302209e-01   2.9694327e-03   8.0268486e+01
   1.1200000e+01   8.0000000e+01   2.0000000e+00   1.9275036e-01   2.6868538e-03   8.0246689e+01
   1.1250000e+01   8.0000000e+01   2.0000000e+00   1.7440774e-01   2.4311659e-03   8.0226593e+01
   1.1300000e+01   8.0000000e+01   2.0000000e+00   1.5781065e-01   2.1998099e-03   8.0208072e+01
   1.1350000e+01   8.0000000e+01   2.0000000e+00   1.4279298e-01   1.9904703e-03   8.0191010e+01
   1.1400000e+01   8.0000000e+01   2.0000000e+00   1.2920443e-01   1.8010520e-03   8.0175298e+01
   1.1450000e+01   8.0000000e+01   2.0000000e+00   1.1690900e-01   1.6296592e-03   8.0160836e+01
   1.1500000e+01   8.0000000e+01   2.0000000e+00   1.0578364e-01   1.4745767e-03   8.0147529e+01
   1.1550000e+01   8.0000000e+01   2.0000000e+00   9.5716995e-02   1.3342521e-03   8.0135289e+01
   1.1600000e+01   8.0000000e+01   2.0000000e+00   8.6608318e-02   1.2072813e-03   8.0124035e+01
   1.1650000e+01   8.0000000e+01   2.0000000e+00   7.8366447e-02   1.0923933e-03   8.0113690e+01
   1.1700000e+01   8.0000000e+01   2.0000000e+00   7.0908894e-02   9.8843829e-04   8.0104184e+01
   1.1750000e+01   8.0000000e+01   2.0000000e+00   6.4161020e-02   8.9437595e-04   8.0095451e+01
   1.1800000e+01   8.0000000e+01   2.0000000e+00   5.8055292e-02   8.0926483e-04   8.0087432e+01
   1.1850000e+01   8.0000000e+01   2.0000000e+00   5.2530601e-02   7.3225310e-04   8.0080070e+01
   1.1900000e+01   8.0000000e+01   2.0000000e+00   4.7531653e-02   6.6257000e-04   8.0073313e+01
   1.1950000e+01   8.0000000e+01   2.0000000e+00   4.3008418e-02   5.9951813e-04   8.0067113e+01
   1.2000000e+01   8.0000000e+01   2.0000000e+00   3.8915626e-02   5.4246644e-04   8.0061426e+01
   1.2050000e+01   8.0000000e+01   2.0000000e+00   3.5212315e-02   4.9084393e-04   8.0056210e+01
   1.2100000e+01   8.0000000e+01   2.0000000e+00   3.1861420e-02   4.4413395e-04   8.0051427e+01
   1.2150000e+01   8.0000000e+01   2.0000000e+00   2.8829405e-02   4.0186902e-04   8.0047044e+01
   1.2200000e+01   8.0000000e+01   2.0000000e+00   2.6085924e-02   3.6362613e-04   8.0043026e+01
   1.2250000e+01   8.0000000e+01   2.0000000e+00   2.3603520e-02   3.2902253e-04   8.0039345e+01
   1.2300000e+01   8.0000000e+01   2.0000000e+00   2.1357348e-02   2.9771189e-04   8.0035973e+01
   1.2350000e+01   8.0000000e+01   2.0000000e+00   1.9324928e-02   2.6938086e-04   8.0032885e+01
   1.2400000e+01   8.0000000e+01   2.0000000e+00   1.7485918e-02   2.4374588e-04   8.0030058e+01
   1.2450000e+01   8.0000000e+01   2.0000000e+00   1.5821913e-02   2.2055039e-04   8.0027469e+01
   1.2500000e+01   8.0000000e+01   2.0000000e+00   1.4316259e-02   1.9956225e-04   8.0025100e+01
   1.2550000e+01   8.0000000e+01   2.0000000e+00   1.2953887e-02   1.8057139e-04   8.0022931e+01
   1.2600000e+01   8.0000000e+01   2.0000000e+00   1.1721161e-02   1.6338775e-04   8.0020947e+01
   1.2650000e+01   8.0000000e+01   2.0000000e+00   1.0605745e-02   1.4783935e-04   8.0019133e+01
   1.2700000e+01   8.0000000e+01   2.0000000e+00   9.5964752e-03   1.3377058e-04   8.0017473e+01
   1.2750000e+01   8.0000000e+01   2.0000000e+00   8.6832499e-03   1.2104062e-04   8.0015955e+01
   1.2800000e+01   8.0000000e+01   2.0000000e+00   7.8569294e-03   1.0952208e-04   8.0014567e+01
   1.2850000e+01   8.0000000e+01   2.0000000e+00   7.1092437e-03   9.9099680e-05   8.0013298e+01
   1.2900000e+01   8.0000000e+01   2.0000000e+00   6.4327097e-03   8.9669099e-05   8.0012138e+01
   1.2950000e+01   8.0000000e+01   2.0000000e+00   5.8205564e-03   8.1135956e-05   8.0011078e+01
   1.3000000e+01   8.0000000e+01   2.0000000e+00   5.2666573e-03   7.3414849e-05   8.0010109e+01
   1.3050000e+01   8.0000000e+01   2.0000000e+00   4.7654686e-03   6.6428502e-05   8.0009224e+01
   1.3100000e+01   8.0000000e+01   2.0000000e+00   4.3119743e-03   6.0106994e-05   8.0008416e+01
   1.3150000e+01   8.0000000e+01   2.0000000e+00   3.9016357e-03   5.4387058e-05   8.0007677e+01
   1.3200000e+01   8.0000000e+01   2.0000000e+00   3.5303459e-03   4.9211445e-05   8.0007003e+01
   1.3250000e+01   8.0000000e+01   2.0000000e+00   3.1943891e-03   4.4528357e-05   8.0006387e+01
   1.3300000e+01   8.0000000e+01   2.0000000e+00   2.8904028e-03   4.0290923e-05   8.0005825e+01
   1.3350000e+01   8.0000000e+01   2.0000000e+00   2.6153446e-03   3.6456735e-05   8.0005312e+01
   1.3400000e+01   8.0000000e+01   2.0000000e+00   2.3664617e-03   3.2987418e-05   8.0004843e+01
   1.3450000e+01   8.0000000e+01   2.0000000e+00   2.1412631e-03   2.9848250e-05   8.0004416e+01
   1.3500000e+01   8.0000000e+01   2.0000000e+00   1.9374949e-03   2.7007814e-05   8.0004025e+01
   1.3550000e+01   8.0000000e+01   2.0000000e+00   1.7531179e-03   2.4437680e-05   8.0003669e+01
   1.3600000e+01   8.0000000e+01   2.0000000e+00   1.5862867e-03   2.2112128e-05   8.0003344e+01
   1.3650000e+01   8.0000000e+01   2.0000000e+00   1.4353315e-03   2.0007880e-05   8.0003048e+01
   1.3700000e+01   8.0000000e+01   2.0000000e+00   1.2987417e-03   1.8103879e-05   8.0002778e+01
   1.3750000e+01   8.0000000e+01   2.0000000e+00   1.1751501e-03   1.6381067e-05   8.0002531e+01
   1.3800000e+01   8.0000000e+01   2.0000000e+00   1.0633198e-03   1.4822202e-05   8.0002306e+01
   1.3850000e+01   8.0000000e+01   2.0000000e+00   9.6213151e-04   1.3411683e-05   8.0002101e+01
   1.3900000e+01   8.0000000e+01   2.0000000e+00   8.7057259e-04   1.2135393e-05   8.0001914e+01
   1.3950000e+01   8.0000000e+01   2.0000000e+00   7.8772666e-04   1.0980558e-05   8.0001743e+01
   1.4000000e+01   8.0000000e+01   2.0000000e+00   7.1276455e-04   9.9356193e-06   8.0001588e+01
   1.4050000e+01   8.0000000e+01   2.0000000e+00   4.7587740e+00   8.9901202e-06   8.0061332e+01
   1.4100000e+01   8.0000000e+01   2.0000000e+00   9.0640459e+00   8.1345971e-06   8.0225238e+01
   1.4150000e+01   8.0000000e+01   2.0000000e+00   1.2959617e+01   7.3604878e-06   8.0472443e+01
   1.4200000e+01   8.0000000e+01   2.0000000e+00   1.6484475e+01   6.6600448e-06   8.0785163e+01
   1.4250000e+01   8.0000000e+01   2.0000000e+00   1.9673899e+01   6.0262578e-06   8.1148289e+01
   1.4300000e+01   8.0000000e+01   2.0000000e+00   2.2559809e+01   5.4527835e-06   8.1549033e+01
   1.4350000e+01   8.0000000e+01   2.0000000e+00   2.5171089e+01   4.9338826e-06   8.1976622e+01
   1.4400000e+01   8.0000000e+01   2.0000000e+00   2.7533872e+01   4.4643615e-06   8.2422023e+01
   1.4450000e+01   8.0000000e+01   2.0000000e+00   2.9671807e+01   4.0395214e-06   8.2877711e+01
   1.4500000e+01   8.0000000e+01   2.0000000e+00   3.1606290e+01   3.6551101e-06   8.3337456e+01
   1.4550000e+01   8.0000000e+01   2.0000000e+00   3.3356683e+01   3.3072804e-06   8.3796146e+01
   1.4600000e+01   8.0000000e+01   2.0000000e+00   3.4940504e+01   2.9925510e-06   8.4249625e+01
   1.4650000e+01   8.0000000e+01   2.0000000e+00   3.1615476e+01   2.7077722e-06   8.4634671e+01
   1.4700000e+01   8.0000000e+01   2.0000000e+00   2.8606865e+01   2.4500936e-06   8.4904387e+01
   1.4750000e+01   8.0000000e+01   2.0000000e+00   2.5884562e+01   2.2169363e-06   8.5077590e+01
   1.4800000e+01   8.0000000e+01   2.0000000e+00   2.3421320e+01   2.0059669e-06   8.5170527e+01
   1.4850000e+01   8.0000000e+01   2.0000000e+00   2.1192487e+01   1.8150740e-06   8.5197193e+01
   1.4900000e+01   8.0000000e+01   2.0000000e+00   1.9175755e+01   1.6423468e-06   8.5169619e+01
   1.4950000e+01   8.0000000e+01   2.0000000e+00   1.7350941e+01   1.4860569e-06   8.5098120e+01
   1.5000000e+01   8.0000000e+01   2.0000000e+00   1.5699781e+01   1.3446399e-06   8.4991517e+01
   1.5050000e+01   8.0000000e+01   2.0000000e+00   1.4205749e+01   1.2166805e-06   8.4857326e+01
   1.5100000e+01   8.0000000e+01   2.0000000e+00   1.2853893e+01   1.1008980e-06   8.4701934e+01
   1.5150000e+01   8.0000000e+01   2.0000000e+00   1.1630683e+01   9.9613371e-07   8.4530745e+01
   1.5200000e+01   8.0000000e+01   2.0000000e+00   1.0523878e+01   9.0133905e-07   8.4348310e+01
   1.5250000e+01   8.0000000e+01   2.0000000e+00   9.5223982e+00   8.1556530e-07   8.4158445e+01
   1.5300000e+01   8.0000000e+01   2.0000000e+00   8.6162222e+00   7.3795400e-07   8.3964327e+01
   1.5350000e+01   8.0000000e+01   2.0000000e+00   7.7962803e+00   6.6772839e-07   8.3768587e+01
   1.5400000e+01   8.0000000e+01   2.0000000e+00   7.0543661e+00   6.0418563e-07   8.3573381e+01
   1.5450000e+01   8.0000000e+01   2.0000000e+00   6.3830544e+00   5.4668977e-07   8.3380462e+01
   1.5500000e+01   8.0000000e+01   2.0000000e+00   5.7756265e+00   4.9466536e-07   8.3191236e+01
   1.5550000e+01   8.0000000e+01   2.0000000e+00   5.2260030e+00   4.4759173e-07   8.3006814e+01
   1.5600000e+01   8.0000000e+01   2.0000000e+00   4.7286830e+00   4.0499774e-07   8.2828054e+01
   1.5650000e+01   8.0000000e+01   2.0000000e+00   4.2786893e+00   3.6645711e-07   8.2655602e+01
   1.5700000e+01   8.0000000e+01   2.0000000e+00   3.8715182e+00   3.3158411e-07   8.2489926e+01
   1.5750000e+01   8.0000000e+01   2.0000000e+00   3.5030945e+00   3.0002971e-07   8.2331340e+01
   1.5800000e+01   8.0000000e+01   2.0000000e+00   3.1697310e+00   2.7147811e-07   8.2180035e+01
   1.5850000e+01   8.0000000e+01   2.0000000e+00   2.8680912e+00   2.4564355e-07   8.2036096e+01
   1.5900000e+01   8.0000000e+01   2.0000000e+00   2.5951563e+00   2.2226747e-07   8.1899524e+01
   1.5950000e+01   8.0000000e+01   2.0000000e+00   2.3481945e+00   2.0111593e-07   8.1770248e+01
   1.6000000e+01   8.0000000e+01   2.0000000e+00   2.1247342e+00   1.8197722e-07   8.1648142e+01
   1.6050000e+01   8.0000000e+01   2.0000000e+00   1.9225390e+00   1.6465979e-07   8.1533035e+01
   1.6100000e+01   8.0000000e+01   2.0000000e+00   1.7395853e+00   1.4899034e-07   8.1424723e+01
   1.6150000e+01   8.0000000e+01   2.0000000e+00   1.5740418e+00   1.3481204e-07   8.1322972e+01
   1.6200000e+01   8.0000000e+01   2.0000000e+00   1.4242520e+00   1.2198298e-07   8.1227532e+01
   1.6250000e+01   8.0000000e+01   2.0000000e+00   1.2887165e+00   1.1037476e-07   8.1138139e+01
   1.6300000e+01   8.0000000e+01   2.0000000e+00   1.1660789e+00   9.9871214e-08   8.1054519e+01
   1.6350000e+01   8.0000000e+01   2.0000000e+00   1.0551118e+00   9.0367211e-08   8.0976396e+01
   1.6400000e+01   8.0000000e+01   2.0000000e+00   9.5470464e-01   8.1767634e-08   8.0903492e+01
   1.6450000e+01   8.0000000e+01   2.0000000e+00   8.6385248e-01   7.3986415e-08   8.0835531e+01
   1.6500000e+01   8.0000000e+01   2.0000000e+00   7.8164605e-01   6.6945677e-08   8.0772241e+01
   1.6550000e+01   8.0000000e+01   2.0000000e+00   7.0726259e-01   6.0574953e-08   8.0713357e+01
   1.6600000e+01   8.0000000e+01   2.0000000e+00   6.3995766e-01   5.4810484e-08   8.0658621e+01
   1.6650000e+01   8.0000000e+01   2.0000000e+00   5.7905763e-01   4.9594577e-08   8.0607783e+01
   1.6700000e+01   8.0000000e+01   2.0000000e+00   5.2395301e-01   4.4875029e-08   8.0560603e+01
   1.6750000e+01   8.0000000e+01   2.0000000e+00   4.7409229e-01   4.0604605e-08   8.0516851e+01
   1.6800000e+01   8.0000000e+01   2.0000000e+00   4.2897645e-01   3.6740566e-08   8.0476305e+01
   1.6850000e+01   8.0000000e+01   2.0000000e+00   3.8815394e-01   3.3244239e-08   8.0438757e+01
   1.6900000e+01   8.0000000e+01   2.0000000e+00   3.5121621e-01   3.0080631e-08   8.0404007e+01
   1.6950000e+01   8.0000000e+01   2.0000000e+00   3.1779357e-01   2.7218081e-08   8.0371866e+01
   1.7000000e+01   8.0000000e+01   2.0000000e+00   2.8755151e-01   2.4627938e-08   8.0342155e+01
   1.7050000e+01   8.0000000e+01   2.0000000e+00   2.6018737e-01   2.2284280e-08   8.0314705e+01
   1.7100000e+01   8.0000000e+01   2.0000000e+00   2.3542726e-01   2.0163650e-08   8.0289358e+01
   1.7150000e+01   8.0000000e+01   2.0000000e+00   2.1302340e-01   1.8244825e-08   8.0265965e+01
   1.7200000e+01   8.0000000e+01   2.0000000e+00   1.9275154e-01   1.6508601e-08   8.0244385e+01
   1.7250000e+01   8.0000000e+01   2.0000000e+00   1.7440881e-01   1.4937600e-08   8.0224486e+01
   1.7300000e+01   8.0000000e+01   2.0000000e+00   1.5781161e-01   1.3516099e-08   8.0206147e+01
   1.7350000e+01   8.0000000e+01   2.0000000e+00   1.4279385e-01   1.2229872e-08   8.0189251e+01
   1.7400000e+01   8.0000000e+01   2.0000000e+00   1.2920522e-01   1.1066046e-08   8.0173692e+01
   1.7450000e+01   8.0000000e+01   2.0000000e+00   1.1690972e-01   1.0012972e-08   8.0159370e+01
   1.7500000e+01   8.0000000e+01   2.0000000e+00   1.0578429e-01   9.0601121e-09   8.0146190e+01
   1.7550000e+01   8.0000000e+01   2.0000000e+00   9.5717583e-02   8.1979284e-09   8.0134067e+01
   1.7600000e+01   8.0000000e+01   2.0000000e+00   8.6608851e-02   7.4177924e-09   8.0122919e+01
   1.7650000e+01   8.0000000e+01   2.0000000e+00   7.8366929e-02   6.7118961e-09   8.0112671e+01
   1.7700000e+01   8.0000000e+01   2.0000000e+00   7.0909329e-02   6.0731748e-09   8.0103254e+01
   1.7750000e+01   8.0000000e+01   2.0000000e+00   6.4161415e-02   5.4952358e-09   8.0094603e+01
   1.7800000e+01   8.0000000e+01   2.0000000e+00   5.8055649e-02   4.9722949e-09   8.0086659e+01
   1.7850000e+01   8.0000000e+01   2.0000000e+00   5.2530923e-02   4.4991185e-09   8.0079364e+01
   1.7900000e+01   8.0000000e+01   2.0000000e+00   4.7531945e-02   4.0709708e-09   8.0072669e+01
   1.7950000e+01   8.0000000e+01   2.0000000e+00   4.3008682e-02   3.6835667e-09   8.0066526e+01
   1.8000000e+01   8.0000000e+01   2.0000000e+00   3.8915865e-02   3.3330290e-09   8.0060890e+01
   1.8050000e+01   8.0000000e+01   2.0000000e+00   3.5212531e-02   3.0158493e-09   8.0055722e+01
   1.8100000e+01   8.0000000e+01   2.0000000e+00   3.1861616e-02   2.7288533e-09   8.0050983e+01
   1.8150000e+01   8.0000000e+01   2.0000000e+00   2.8829582e-02   2.4691686e-09   8.0046638e+01
   1.8200000e+01   8.0000000e+01   2.0000000e+00   2.6086084e-02   2.2341961e-09   8.0042657e+01
   1.8250000e+01   8.0000000e+01   2.0000000e+00   2.3603665e-02   2.0215843e-09   8.0039009e+01
   1.8300000e+01   8.0000000e+01   2.0000000e+00   2.1357480e-02   1.8292051e-09   8.0035667e+01
   1.8350000e+01   8.0000000e+01   2.0000000e+00   1.9325047e-02   1.6551332e-09   8.0032606e+01
   1.8400000e+01   8.0000000e+01   2.0000000e+00   1.7486025e-02   1.4976265e-09   8.0029803e+01
   1.8450000e+01   8.0000000e+01   2.0000000e+00   1.5822010e-02   1.3551085e-09   8.0027237e+01
   1.8500000e+01   8.0000000e+01   2.0000000e+00   1.4316347e-02   1.2261528e-09   8.0024888e+01
   1.8550000e+01   8.0000000e+01   2.0000000e+00   1.2953966e-02   1.1094690e-09   8.0022739e+01
   1.8600000e+01   8.0000000e+01   2.0000000e+00   1.1721233e-02   1.0038890e-09   8.0020772e+01
   1.8650000e+01   8.0000000e+01   2.0000000e+00   1.0605810e-02   9.0835636e-10   8.0018973e+01
   1.8700000e+01   8.0000000e+01   2.0000000e+00   9.5965342e-03   8.2191483e-10   8.0017327e+01
   1.8750000e+01   8.0000000e+01   2.0000000e+00   8.6833032e-03   7.4369929e-10   8.0015822e+01
   1.8800000e+01   8.0000000e+01   2.0000000e+00   7.8569777e-03   6.7292694e-10   8.0014446e+01
   1.8850000e+01   8.0000000e+01   2.0000000e+00   7.1092874e-03   6.0888948e-10   8.0013188e+01
   1.8900000e+01   8.0000000e+01   2.0000000e+00   6.4327492e-03   5.5094598e-10   8.0012038e+01
   1.8950000e+01   8.0000000e+01   2.0000000e+00   5.8205922e-03   4.9851654e-10   8.0010987e+01
   1.9000000e+01   8.0000000e+01   2.0000000e+00   5.2666896e-03   4.5107642e-10   8.0010027e+01
   1.9050000e+01   8.0000000e+01   2.0000000e+00   4.7654978e-03   4.0815082e-10   8.0009149e+01
   1.9100000e+01   8.0000000e+01   2.0000000e+00   4.3120008e-03   3.6931014e-10   8.0008347e+01
   1.9150000e+01   8.0000000e+01   2.0000000e+00   3.9016596e-03   3.3416563e-10   8.0007615e+01
   1.9200000e+01   8.0000000e+01   2.0000000e+00   3.5303676e-03   3.0236557e-10   8.0006946e+01
   1.9250000e+01   8.0000000e+01   2.0000000e+00   3.1944087e-03   2.7359168e-10   8.0006336e+01
   1.9300000e+01   8.0000000e+01   2.0000000e+00   2.8904206e-03   2.4755599e-10   8.0005778e+01
   1.9350000e+01   8.0000000e+01   2.0000000e+00   2.6153607e-03   2.2399792e-10   8.0005269e+01
   1.9400000e+01   8.0000000e+01   2.0000000e+00   2.3664762e-03   2.0268170e-10   8.0004804e+01
   1.9450000e+01   8.0000000e+01   2.0000000e+00   2.1412762e-03   1.8339399e-10   8.0004380e+01
   1.9500000e+01   8.0000000e+01   2.0000000e+00   1.9375068e-03   1.6594174e-10   8.0003993e+01
   1.9550000e+01   8.0000000e+01   2.0000000e+00   1.7531287e-03   1.5015030e-10   8.0003640e+01
   1.9600000e+01   8.0000000e+01   2.0000000e+00   1.5862964e-03   1.3586161e-10   8.0003318e+01
   1.9650000e+01   8.0000000e+01   2.0000000e+00   1.4353404e-03   1.2293267e-10   8.0003024e+01
   1.9700000e+01   8.0000000e+01   2.0000000e+00   1.2987497e-03   1.1123408e-10   8.0002756e+01
   1.9750000e+01   8.0000000e+01   2.0000000e+00   1.1751573e-03   1.0064875e-10   8.0002511e+01
   1.9800000e+01   8.0000000e+01   2.0000000e+00   1.0633263e-03   9.1070759e-11   8.0002288e+01
   1.9850000e+01   8.0000000e+01   2.0000000e+00   9.6213742e-04   8.2404230e-11   8.0002085e+01
   1.9900000e+01   8.0000000e+01   2.0000000e+00   8.7057794e-04   7.4562431e-11   8.0001899e+01
   1.9950000e+01   8.0000000e+01   2.0000000e+00   7.8773150e-04   6.7466877e-11   8.0001730e+01
   2.0000000e+01   8.0000000e+01   2.0000000e+00   7.1276893e-04   6.1046555e-11   8.0001576e+01
   2.0050000e+01   8.0000000e+01   2.0000000e+00   4.7587740e+00   5.5237207e-11   8.0061321e+01
   2.0100000e+01   8.0000000e+01   2.0000000e+00   9.0640459e+00   4.9980692e-11   8.0225228e+01
   2.0150000e+01   8.0000000e+01   2.0000000e+00   1.2959617e+01   4.5224400e-11   8.0472434e+01
   2.0200000e+01   8.0000000e+01   2.0000000e+00   1.6484475e+01   4.0920730e-11   8.0785155e+01
   2.0250000e+01   8.0000000e+01   2.0000000e+00   1.9673899e+01   3.7026607e-11   8.1148282e+01
   2.0300000e+01   8.0000000e+01   2.0000000e+00   2.2559809e+01   3.3503060e-11   8.1549026e+01
   2.0350000e+01   8.0000000e+01   2.0000000e+00   2.5171089e+01   3.0314822e-11   8.1976615e+01
   2.0400000e+01   8.0000000e+01   2.0000000e+00   2.7533872e+01   2.7429985e-11   8.2422017e+01
   2.0450000e+01   8.0000000e+01   2.0000000e+00   2.9671807e+01   2.4819677e-11   8.2877705e+01
   2.0500000e+01   8.0000000e+01   2.0000000e+00   3.1606290e+01   2.2457773e-11   8.3337451e+01
   2.0550000e+01   8.0000000e+01   2.0000000e+00   3.3356683e+01   2.0320633e-11   8.3796141e+01
   2.0600000e+01   8.0000000e+01   2.0000000e+00   3.4940504e+01   1.8386869e-11   8.4249621e+01
   2.0650000e+01   8.0000000e+01   2.0000000e+00   3.1615476e+01   1.6637127e-11   8.4634668e+01
   2.0700000e+01   8.0000000e+01   2.0000000e+00   2.8606865e+01   1.5053895e-11   8.4904384e+01
   2.0750000e+01   8.0000000e+01   2.0000000e+00   2.5884562e+01   1.3621328e-11   8.5077587e+01
   2.0800000e+01   8.0000000e+01   2.0000000e+00   2.3421320e+01   1.2325087e-11   8.5170524e+01
   2.0850000e+01   8.0000000e+01   2.0000000e+00   2.1192487e+01   1.1152200e-11   8.5197190e+01
   2.0900000e+01   8.0000000e+01   2.0000000e+00   1.9175755e+01   1.0090928e-11   8.5169617e+01
   2.0950000e+01   8.0000000e+01   2.0000000e+00   1.7350941e+01   9.1306490e-12   8.5098118e+01
   2.1000000e+01   8.0000000e+01   2.0000000e+00   1.5699781e+01   8.2617528e-12   8.4991515e+01
   2.1050000e+01   8.0000000e+01   2.0000000e+00   1.4205749e+01   7.4755431e-12   8.4857324e+01
   2.1100000e+01   8.0000000e+01   2.0000000e+00   1.2853893e+01   6.7641511e-12   8.4701932e+01
   2.1150000e+01   8.0000000e+01   2.0000000e+00   1.1630683e+01   6.1204570e-12   8.4530743e+01
   2.1200000e+01   8.0000000e+01   2.0000000e+00   1.0523878e+01   5.5380185e-12   8.4348309e+01
   2.1250000e+01   8.0000000e+01   2.0000000e+00   9.5223982e+00   5.0110064e-12   8.4158444e+01
   2.1300000e+01   8.0000000e+01   2.0000000e+00   8.6162222e+00   4.5341461e-12   8.3964326e+01
   2.1350000e+01   8.0000000e+01   2.0000000e+00   7.7962803e+00   4.1026650e-12   8.3768586e+01
   2.1400000e+01   8.0000000e+01   2.0000000e+00   7.0543661e+00   3.7122448e-12   8.3573380e+01
   2.1450000e+01   8.0000000e+01   2.0000000e+00   6.3830544e+00   3.3589780e-12   8.3380461e+01
   2.1500000e+01   8.0000000e+01   2.0000000e+00   5.7756265e+00   3.0393290e-12   8.3191235e+01
   2.1550000e+01   8.0000000e+01   2.0000000e+00   5.2260030e+00   2.7500986e-12   8.3006813e+01
   2.1600000e+01   8.0000000e+01   2.0000000e+00   4.7286830e+00   2.4883921e-12   8.2828053e+01
   2.1650000e+01   8.0000000e+01   2.0000000e+00   4.2786893e+00   2.2515903e-12   8.2655602e+01
   2.1700000e+01   8.0000000e+01   2.0000000e+00   3.8715182e+00   2.0373232e-12   8.2489925e+01
   2.1750000e+01   8.0000000e+01   2.0000000e+00   3.5030945e+00   1.8434462e-12   8.2331340e+01
   2.1800000e+01   8.0000000e+01   2.0000000e+00   3.1697310e+00   1.6680191e-12   8.2180035e+01
   2.1850000e+01   8.0000000e+01   2.0000000e+00   2.8680912e+00   1.5092861e-12   8.2036096e+01
   2.1900000e+01   8.0000000e+01   2.0000000e+00   2.5951563e+00   1.3656586e-12   8.1899523e+01
   2.1950000e+01   8.0000000e+01   2.0000000e+00   2.3481945e+00   1.2356990e-12   8.1770247e+01
   2.2000000e+01   8.0000000e+01   2.0000000e+00   2.1247342e+00   1.1181067e-12   8.1648142e+01
   2.2050000e+01   8.0000000e+01   2.0000000e+00   1.9225390e+00   1.0117047e-12   8.1533035e+01
   2.2100000e+01   8.0000000e+01   2.0000000e+00   1.7395853e+00   9.1542831e-13   8.1424722e+01
   2.2150000e+01   8.0000000e+01   2.0000000e+00   1.5740418e+00   8.2831379e-13   8.1322972e+01
   2.2200000e+01   8.0000000e+01   2.0000000e+00   1.4242520e+00   7.4948931e-13   8.1227532e+01
   2.2250000e+01   8.0000000e+01   2.0000000e+00   1.2887165e+00   6.7816597e-13   8.1138139e+01
   2.2300000e+01   8.0000000e+01   2.0000000e+00   1.1660789e+00   6.1362994e-13   8.1054519e+01
   2.2350000e+01   8.0000000e+01   2.0000000e+00   1.0551118e+00   5.5523533e-13   8.0976396e+01
   2.2400000e+01   8.0000000e+01   2.0000000e+00   9.5470464e-01   5.0239771e-13   8.0903492e+01
   2.2450000e+01   8.0000000e+01   2.0000000e+00   8.6385248e-01   4.5458824e-13   8.0835531e+01
   2.2500000e+01   8.0000000e+01   2.0000000e+00   7.8164605e-01   4.1132845e-13   8.0772241e+01
   2.2550000e+01   8.0000000e+01   2.0000000e+00   7.0726259e-01   3.7218538e-13   8.0713357e+01
   2.2600000e+01   8.0000000e+01   2.0000000e+00   6.3995766e-01   3.3676725e-13   8.0658621e+01
   2.2650000e+01   8.0000000e+01   2.0000000e+00   5.7905763e-01   3.0471961e-13   8.0607783e+01
   2.2700000e+01   8.0000000e+01   2.0000000e+00   5.2395301e-01   2.7572171e-13   8.0560603e+01
   2.2750000e+01   8.0000000e+01   2.0000000e+00   4.7409229e-01   2.4948332e-13   8.0516851e+01
   2.2800000e+01   8.0000000e+01   2.0000000e+00   4.2897645e-01   2.2574184e-13   8.0476305e+01
   2.2850000e+01   8.0000000e+01   2.0000000e+00   3.8815394e-01   2.0425966e-13   8.0438757e+01
   2.2900000e+01   8.0000000e+01   2.0000000e+00   3.5121621e-01   1.8482179e-13   8.0404007e+01
   2.2950000e+01   8.0000000e+01   2.0000000e+00   3.1779357e-01   1.6723367e-13   8.0371866e+01
   2.3000000e+01   8.0000000e+01   2.0000000e+00   2.8755151e-01   1.5131928e-13   8.0342154e+01
   2.3050000e+01   8.0000000e+01   2.0000000e+00   2.6018737e-01   1.3691935e-13   8.0314705e+01
   2.3100000e+01   8.0000000e+01   2.0000000e+00   2.3542726e-01   1.2388975e-13   8.0289358e+01
   2.3150000e+01   8.0000000e+01   2.0000000e+00   2.1302340e-01   1.1210008e-13   8.0265965e+01
   2.3200000e+01   8.0000000e+01   2.0000000e+00   1.9275154e-01   1.0143235e-13   8.0244385e+01
   2.3250000e+01   8.0000000e+01   2.0000000e+00   1.7440881e-01   9.1779784e-14   8.0224486e+01
   2.3300000e+01   8.0000000e+01   2.0000000e+00   1.5781161e-01   8.3045782e-14   8.0206147e+01
   2.3350000e+01   8.0000000e+01   2.0000000e+00   1.4279385e-01   7.5142931e-14   8.0189251e+01
   2.3400000e+01   8.0000000e+01   2.0000000e+00   1.2920522e-01   6.7992136e-14   8.0173692e+01
   2.3450000e+01   8.0000000e+01   2.0000000e+00   1.1690972e-01   6.1521829e-14   8.0159370e+01
   2.3500000e+01   8.0000000e+01   2.0000000e+00   1.0578429e-01   5.5667253e-14   8.0146190e+01
   2.3550000e+01   8.0000000e+01   2.0000000e+00   9.5717583e-02   5.0369813e-14   8.0134067e+01
   2.3600000e+01   8.0000000e+01   2.0000000e+00   8.6608851e-02   4.5576492e-14   8.0122919e+01
   2.3650000e+01   8.0000000e+01   2.0000000e+00   7.8366929e-02   4.1239315e-14   8.0112671e+01
   2.3700000e+01   8.0000000e+01   2.0000000e+00   7.0909329e-02   3.7314875e-14   8.0103254e+01
   2.3750000e+01   8.0000000e+01   2.0000000e+00   6.4161415e-02   3.3763895e-14   8.0094603e+01
   2.3800000e+01   8.0000000e+01   2.0000000e+00   5.8055649e-02   3.0550836e-14   8.0086659e+01
   2.3850000e+01   8.0000000e+01   2.0000000e+00   5.2530923e-02   2.7643540e-14   8.0079364e+01
   2.3900000e+01   8.0000000e+01   2.0000000e+00   4.7531945e-02   2.5012909e-14   8.0072669e+01
   2.3950000e+01   8.0000000e+01   2.0000000e+00   4.3008682e-02   2.2632616e-14   8.0066526e+01
   2.4000000e+01   8.0000000e+01   2.0000000e+00   3.8915865e-02   2.0478838e-14   8.0060890e+01
